0.27269
[ 0.  0.  0.]
0.0036205
[ 0.  0.  2.]
0.1061105
[ 0.  0.  3.]
0.1748415
[ 0.  0.  1.]
0.034738
[ 0.  2.  2.]
0.0131515
[ 0.  2.  3.]
0.0001495
[ 0.  2.  1.]
0.1924835
[ 0.  3.  2.]
0.031884
[ 0.  1.  0.]
0.150671
[ 0.  1.  2.]
0.082197
[ 0.  1.  3.]
0.014899
[ 0.  1.  1.]
0.19506
--
[ 0.  0.  0.]
0.0072
[ 0.  0.  2.]
0.1169
[ 0.  0.  3.]
0.1423
[ 0.  0.  1.]
0.0514
[ 0.  2.  1.]
0.206
[ 0.  3.  2.]
0.0334
[ 0.  1.  0.]
0.2477
[ 0.  1.  2.]
0.0346
[ 0.  1.  3.]
0.0027
[ 0.  1.  1.]
0.1578
